Bases;0-1;1-2;2-3;3-4;4-5;5-6;6-7;7-8;8-9;9-10;10-11;11-12;12-13;13-14;14-15;15-16;16-17;17-18;18-19;19-20
AA;0;0;0;0;0;0.0;0.0;0.037037037037037035;0.037037037037037035;0.07407407407407407;0.037037037037037035;0.037037037037037035;0.07407407407407407;0.0;0.25925925925925924;0.1111111111111111;0.037037037037037035;0.0;0.14814814814814814;0.14814814814814814
AU;0;0;0;0;0;0.0;0.0;0.028169014084507043;0.0;0.028169014084507043;0.07042253521126761;0.028169014084507043;0.07042253521126761;0.15492957746478872;0.07042253521126761;0.09859154929577464;0.1267605633802817;0.11267605633802817;0.11267605633802817;0.09859154929577464
AC;0;0;0;0;0;0.0;0.010752688172043012;0.0;0.010752688172043012;0.021505376344086023;0.010752688172043012;0.053763440860215055;0.15053763440860216;0.06451612903225806;0.11827956989247312;0.12903225806451613;0.08602150537634409;0.11827956989247312;0.0967741935483871;0.12903225806451613
AG;0;0;0;0;0;0.0;0.012195121951219513;0.012195121951219513;0.0;0.024390243902439025;0.024390243902439025;0.036585365853658534;0.15853658536585366;0.07317073170731707;0.10975609756097561;0.12195121951219512;0.07317073170731707;0.14634146341463414;0.07317073170731707;0.13414634146341464
UU;0;0;0;0;0;0.0;0.0;0.0;0.0;0.043478260869565216;0.043478260869565216;0.043478260869565216;0.08695652173913043;0.08695652173913043;0.17391304347826086;0.08695652173913043;0.043478260869565216;0.043478260869565216;0.2608695652173913;0.08695652173913043
UC;0;0;0;0;0;0.0;0.00980392156862745;0.0196078431372549;0.00980392156862745;0.0392156862745098;0.00980392156862745;0.049019607843137254;0.058823529411764705;0.049019607843137254;0.09803921568627451;0.13725490196078433;0.13725490196078433;0.12745098039215685;0.12745098039215685;0.12745098039215685
UG;0;0;0;0;0;0.011904761904761904;0.011904761904761904;0.0;0.0;0.011904761904761904;0.03571428571428571;0.047619047619047616;0.09523809523809523;0.023809523809523808;0.047619047619047616;0.17857142857142858;0.13095238095238096;0.09523809523809523;0.19047619047619047;0.11904761904761904
CC;0;0;0;0;0;0.0;0.0;0.0;0.0;0.02564102564102564;0.02564102564102564;0.05128205128205128;0.0641025641025641;0.0641025641025641;0.07692307692307693;0.08974358974358974;0.1282051282051282;0.14102564102564102;0.16666666666666666;0.16666666666666666
CG;0;0;0;0;0;0.0;0.0;0.0;0.00684931506849315;0.00684931506849315;0.02054794520547945;0.0821917808219178;0.0547945205479452;0.1780821917808219;0.1232876712328767;0.11643835616438356;0.0821917808219178;0.11643835616438356;0.10273972602739725;0.1095890410958904
GG;0;0;0;0;0;0.0;0.0;0.0;0.0;0.018518518518518517;0.0;0.05555555555555555;0.09259259259259259;0.09259259259259259;0.09259259259259259;0.05555555555555555;0.16666666666666666;0.14814814814814814;0.12962962962962962;0.14814814814814814
