Bases;0-1;1-2;2-3;3-4;4-5;5-6;6-7;7-8;8-9;9-10;10-11;11-12;12-13;13-14;14-15;15-16;16-17;17-18;18-19;19-20
AA;;;;;;0;0.0;0.16666666666666666;0.25;0.1111111111111111;0.05263157894736842;0.025;0.029411764705882353;0.0;0.08860759493670886;0.03333333333333333;0.012345679012345678;0.0;0.041237113402061855;0.041666666666666664
AU;;;;;;0;0.0;0.3333333333333333;0.0;0.1111111111111111;0.2631578947368421;0.05;0.07352941176470588;0.16176470588235295;0.06329113924050633;0.07777777777777778;0.1111111111111111;0.0898876404494382;0.08247422680412371;0.07291666666666667
AC;;;;;;0;0.25;0.0;0.25;0.1111111111111111;0.05263157894736842;0.125;0.20588235294117646;0.08823529411764706;0.13924050632911392;0.13333333333333333;0.09876543209876543;0.12359550561797752;0.09278350515463918;0.125
AG;;;;;;0;0.25;0.16666666666666666;0.0;0.1111111111111111;0.10526315789473684;0.075;0.19117647058823528;0.08823529411764706;0.11392405063291139;0.1111111111111111;0.07407407407407407;0.1348314606741573;0.061855670103092786;0.11458333333333333
UU;;;;;;0;0.0;0.0;0.0;0.05555555555555555;0.05263157894736842;0.025;0.029411764705882353;0.029411764705882353;0.05063291139240506;0.022222222222222223;0.012345679012345678;0.011235955056179775;0.061855670103092786;0.020833333333333332
UC;;;;;;0;0.25;0.3333333333333333;0.25;0.2222222222222222;0.05263157894736842;0.125;0.08823529411764706;0.07352941176470588;0.12658227848101267;0.15555555555555556;0.1728395061728395;0.14606741573033707;0.13402061855670103;0.13541666666666666
UG;;;;;;1;0.25;0.0;0.0;0.05555555555555555;0.15789473684210525;0.1;0.11764705882352941;0.029411764705882353;0.05063291139240506;0.16666666666666666;0.13580246913580246;0.0898876404494382;0.16494845360824742;0.10416666666666667
CC;;;;;;0;0.0;0.0;0.0;0.1111111111111111;0.10526315789473684;0.1;0.07352941176470588;0.07352941176470588;0.0759493670886076;0.07777777777777778;0.12345679012345678;0.12359550561797752;0.13402061855670103;0.13541666666666666
CG;;;;;;0;0.0;0.0;0.25;0.05555555555555555;0.15789473684210525;0.3;0.11764705882352941;0.38235294117647056;0.22784810126582278;0.18888888888888888;0.14814814814814814;0.19101123595505617;0.15463917525773196;0.16666666666666666
GG;;;;;;0;0.0;0.0;0.0;0.05555555555555555;0.0;0.075;0.07352941176470588;0.07352941176470588;0.06329113924050633;0.03333333333333333;0.1111111111111111;0.0898876404494382;0.07216494845360824;0.08333333333333333
