Bases;0-1;1-2;2-3;3-4;4-5;5-6;6-7;7-8;8-9;9-10;10-11;11-12;12-13;13-14;14-15;15-16;16-17;17-18;18-19;19-20
AA;0;0;0;0;0;0;0;1;1;2;1;1;2;0;7;3;1;0;4;4
AU;0;0;0;0;0;0;0;1;0;1;1;1;2;2;2;2;0;3;2;3
AC;0;0;0;0;0;0;0;0;1;1;0;3;3;4;2;2;1;3;3;3
AG;0;0;0;0;0;0;0;0;0;1;0;1;4;1;3;4;1;8;0;7
UU;0;0;0;0;0;0;0;0;0;1;1;1;2;2;4;2;1;1;6;2
UC;0;0;0;0;0;0;0;0;1;1;0;3;4;3;6;7;7;11;5;6
UG;0;0;0;0;0;0;1;0;0;0;2;4;3;0;2;9;7;6;9;6
CC;0;0;0;0;0;0;0;0;0;2;2;4;5;5;6;7;10;11;13;13
CG;0;0;0;0;0;0;0;0;1;1;3;4;7;14;10;7;9;9;10;8
GG;0;0;0;0;0;0;0;0;0;1;0;3;5;5;5;3;9;8;7;8
GC;0;0;0;0;0;0;0;0;0;0;0;8;1;12;8;10;3;8;5;8
GU;0;0;0;0;0;1;0;0;0;1;1;0;5;2;2;6;4;2;7;4
CU;0;0;0;0;0;0;1;2;0;3;1;2;2;2;4;7;7;2;8;7
GA;0;0;0;0;0;0;1;1;0;1;2;2;9;5;6;6;5;4;6;4
CA;0;0;0;0;0;0;1;0;0;1;1;2;11;2;9;10;7;8;6;9
UA;0;0;0;0;0;0;0;1;0;1;4;1;3;9;3;5;9;5;6;4
