Bases;0-1;1-2;2-3;3-4;4-5;5-6;6-7;7-8;8-9;9-10;10-11;11-12;12-13;13-14;14-15;15-16;16-17;17-18;18-19;19-20
AA;0;0;0;0;0;0;0;0;0;0;0;0;0;0;0;0;0;0;0;0
AU;0;0;0;0;0;0;0;0;0;0;0;0;0;0;0;0;0;0;0;0
AC;0;0;0;0;0;0;0;0;0;0;0;0;0;0;0;0;0;0;0;0
AG;0;0;0;0;0;0;0;0;0;0;0;0;0;0;0;0;0;0;0;0
UU;0;0;0;0;0;0;0;0;0;0;0;0;0;0;0;0;0;0;0;0
UC;0;0;0;0;0;0;0;0;0;0;0;0;0;0;0;0;0;0;0;0
UG;0;0;0;0;0;0;0;0;0;0;0;0;0;0;0;0;0;0;0;0
CC;0;0;0;0;0;0;0;0;0;0;0;0;0;0;0;0;0;0;0;0
CG;0;0;0;0;0;0;0;0;0;0;0;0;0;0;0;0;0;0;0;0
GG;0;0;0;0;0;0;0;0;0;0;0;0;0;0;0;0;0;0;0;0
GC;0;0;0;0;0;0;0;0;0;0;0;0;0;0;0;0;0;0;0;0
GU;0;0;0;0;0;0;0;0;0;0;0;0;0;0;0;0;0;0;0;0
CU;0;0;0;0;0;0;0;0;0;0;0;0;0;0;0;0;0;0;0;0
GA;0;0;0;0;0;0;0;0;0;0;0;0;0;0;0;0;0;0;0;0
CA;0;0;0;0;0;0;0;0;0;0;0;0;0;0;0;0;0;0;0;0
UA;0;0;0;0;0;0;0;0;0;0;0;0;0;0;0;0;0;0;0;0
